# # position | attenuation means | rms | attenuation means - rms | attenuation means + rms 
0.000000000000000000e+00 1.000000000000000000e+00 0.000000000000000000e+00 1.000000000000000000e+00 1.000000000000000000e+00
1.000000000000000000e+00 9.738434357583248824e-01 1.275000000000000043e-09 9.738434344833248879e-01 9.738434370333248769e-01
3.300000000000000000e+01 9.738434357583248824e-01 1.316999999999999898e-09 9.738434344413249288e-01 9.738434370753248359e-01
6.500000000000000000e+01 9.738434357583248824e-01 1.316999999999999898e-09 9.738434344413249288e-01 9.738434370753248359e-01
9.700000000000000000e+01 9.739092568373550751e-01 4.937999999999999681e-04 9.734154568373550864e-01 9.744030568373550638e-01
1.290000000000000000e+02 9.738434357583248824e-01 1.316999999999999898e-09 9.738434344413249288e-01 9.738434370753248359e-01
1.610000000000000000e+02 9.738434357583248824e-01 1.296000000000000074e-09 9.738434344623249084e-01 9.738434370543248564e-01
1.930000000000000000e+02 9.739505037294663436e-01 8.034999999999999608e-04 9.731470037294663866e-01 9.747540037294663007e-01
2.250000000000000000e+02 9.847357755709174043e-01 6.330999999999999822e-03 9.784047755709174288e-01 9.910667755709173798e-01
2.570000000000000000e+02 9.985970307986375971e-01 2.053000000000000029e-04 9.983917307986376333e-01 9.988023307986375610e-01
2.890000000000000000e+02 9.986253431252783974e-01 1.625999999999999950e-04 9.984627431252783847e-01 9.987879431252784102e-01
3.210000000000000000e+02 9.986905908222072359e-01 1.888000000000000084e-04 9.985017908222072469e-01 9.988793908222072249e-01
3.530000000000000000e+02 9.986622784955663246e-01 1.707000000000000021e-04 9.984915784955663565e-01 9.988329784955662927e-01
3.850000000000000000e+02 9.986572483867722783e-01 1.324999999999999952e-04 9.985247483867722984e-01 9.987897483867722581e-01
4.170000000000000000e+02 9.986543740388899026e-01 1.475000000000000074e-04 9.985068740388899355e-01 9.988018740388898697e-01
4.490000000000000000e+02 9.986566735171957809e-01 1.318000000000000053e-04 9.985248735171957657e-01 9.987884735171957962e-01
4.810000000000000000e+02 9.986776562567367677e-01 1.313999999999999955e-04 9.985462562567367639e-01 9.988090562567367714e-01
5.130000000000000000e+02 9.986339661689254132e-01 1.241000000000000078e-04 9.985098661689254529e-01 9.987580661689253736e-01
5.450000000000000000e+02 9.986823989307426208e-01 1.439000000000000012e-04 9.985384989307426462e-01 9.988262989307425954e-01
5.770000000000000000e+02 9.986512122562193339e-01 1.576000000000000090e-04 9.984936122562193539e-01 9.988088122562193139e-01
6.090000000000000000e+02 9.986366967994135813e-01 1.499000000000000115e-04 9.984867967994135451e-01 9.987865967994136174e-01
6.410000000000000000e+02 9.986611287564134409e-01 1.495000000000000018e-04 9.985116287564134163e-01 9.988106287564134655e-01
6.730000000000000000e+02 9.986398585820841500e-01 1.614999999999999953e-04 9.984783585820841134e-01 9.988013585820841866e-01
7.050000000000000000e+02 9.986540866041017095e-01 1.243999999999999880e-04 9.985296866041016850e-01 9.987784866041017340e-01
7.370000000000000000e+02 9.986197381469079648e-01 1.178000000000000038e-04 9.985019381469080191e-01 9.987375381469079105e-01
7.690000000000000000e+02 9.986326727123784330e-01 1.341000000000000070e-04 9.984985727123784072e-01 9.987667727123784589e-01
8.010000000000000000e+02 9.986180135381784728e-01 1.507000000000000039e-04 9.984673135381785247e-01 9.987687135381784209e-01
8.330000000000000000e+02 9.986274988861901791e-01 1.552000000000000048e-04 9.984722988861901571e-01 9.987826988861902011e-01
8.650000000000000000e+02 9.985984679725786739e-01 1.718000000000000018e-04 9.984266679725786187e-01 9.987702679725787291e-01
8.970000000000000000e+02 9.985971745160316937e-01 1.734000000000000135e-04 9.984237745160317035e-01 9.987705745160316839e-01
9.290000000000000000e+02 9.985858208418965098e-01 2.073999999999999997e-04 9.983784208418965411e-01 9.987932208418964786e-01
9.610000000000000000e+02 9.986290797775254635e-01 1.687000000000000077e-04 9.984603797775254419e-01 9.987977797775254851e-01
9.930000000000000000e+02 9.986374153863841752e-01 1.519000000000000059e-04 9.984855153863841926e-01 9.987893153863841578e-01
1.025000000000000000e+03 9.985162616231442190e-01 1.863000000000000018e-04 9.983299616231442464e-01 9.987025616231441916e-01
1.057000000000000000e+03 9.986016297552492427e-01 1.484000000000000022e-04 9.984532297552491942e-01 9.987500297552492912e-01
1.089000000000000000e+03 9.986079533205903802e-01 2.104999999999999938e-04 9.983974533205903779e-01 9.988184533205903826e-01
1.121000000000000000e+03 9.985730299938201382e-01 1.988000000000000075e-04 9.983742299938200837e-01 9.987718299938201927e-01
1.153000000000000000e+03 9.985771977982494940e-01 1.827999999999999981e-04 9.983943977982494555e-01 9.987599977982495325e-01
1.185000000000000000e+03 9.985474482976675059e-01 2.249999999999999938e-04 9.983224482976674752e-01 9.987724482976675366e-01
1.217000000000000000e+03 9.985340825800146369e-01 2.179000000000000110e-04 9.983161825800146438e-01 9.987519825800146300e-01
1.249000000000000000e+03 9.985503226455497705e-01 2.394999999999999939e-04 9.983108226455498224e-01 9.987898226455497186e-01
1.281000000000000000e+03 9.984183900777511278e-01 2.629999999999999959e-04 9.981553900777511146e-01 9.986813900777511410e-01
1.313000000000000000e+03 9.983994193817277152e-01 3.071999999999999861e-04 9.980922193817277632e-01 9.987066193817276671e-01
1.345000000000000000e+03 9.984032997513688779e-01 2.548000000000000135e-04 9.981484997513688784e-01 9.986580997513688773e-01
1.377000000000000000e+03 9.983744125551515802e-01 2.554999999999999763e-04 9.981189125551516161e-01 9.986299125551515443e-01
1.409000000000000000e+03 9.983432258806282933e-01 3.023999999999999778e-04 9.980408258806282573e-01 9.986456258806283293e-01
1.441000000000000000e+03 9.983337405326166980e-01 3.037000000000000094e-04 9.980300405326166802e-01 9.986374405326167158e-01
1.473000000000000000e+03 9.982575703137350764e-01 3.580999999999999765e-04 9.978994703137350486e-01 9.986156703137351043e-01
1.505000000000000000e+03 9.981049424411836402e-01 3.405999999999999848e-04 9.977643424411836159e-01 9.984455424411836644e-01
1.537000000000000000e+03 9.980869777669191256e-01 3.884000000000000083e-04 9.976985777669191702e-01 9.984753777669190811e-01
1.569000000000000000e+03 9.981214699415069669e-01 4.569999999999999952e-04 9.976644699415069262e-01 9.985784699415070076e-01
1.601000000000000000e+03 9.980362455267961508e-01 3.786999999999999893e-04 9.976575455267961967e-01 9.984149455267961049e-01
1.633000000000000000e+03 9.978856296977622886e-01 4.891000000000000165e-04 9.973965296977622685e-01 9.983747296977623087e-01
1.665000000000000000e+03 9.976745088458056632e-01 4.265000000000000128e-04 9.972480088458056668e-01 9.981010088458056595e-01
1.697000000000000000e+03 9.975389833431540509e-01 5.471000000000000169e-04 9.969918833431540284e-01 9.980860833431540735e-01
1.729000000000000000e+03 9.973706902746439784e-01 5.328000000000000487e-04 9.968378902746439785e-01 9.979034902746439784e-01
1.761000000000000000e+03 9.971549704660754854e-01 6.059999999999999849e-04 9.965489704660754899e-01 9.977609704660754808e-01
1.793000000000000000e+03 9.969070579612250294e-01 6.976000000000000430e-04 9.962094579612250644e-01 9.976046579612249943e-01
1.825000000000000000e+03 9.965193084318995087e-01 6.746000000000000260e-04 9.958447084318995390e-01 9.971939084318994784e-01
1.857000000000000000e+03 9.963603569940069349e-01 8.059999999999999673e-04 9.955543569940069615e-01 9.971663569940069083e-01
1.889000000000000000e+03 9.958597893103002807e-01 7.944999999999999589e-04 9.950652893103002494e-01 9.966542893103003120e-01
1.921000000000000000e+03 9.954063609318636319e-01 8.605000000000000452e-04 9.945458609318635901e-01 9.962668609318636737e-01
1.953000000000000000e+03 9.947540276799701209e-01 8.790000000000000070e-04 9.938750276799701577e-01 9.956330276799700840e-01
1.985000000000000000e+03 9.945061151751196649e-01 9.198000000000000230e-04 9.935863151751196387e-01 9.954259151751196910e-01
2.017000000000000000e+03 9.935729581351231410e-01 1.092000000000000089e-03 9.924809581351231591e-01 9.946649581351231229e-01
1.500000000000000000e+03 9.980836722668544603e-01 3.928000000000000068e-04 9.976908722668544893e-01 9.984764722668544312e-01
1.532000000000000000e+03 9.980848220060073439e-01 3.251999999999999899e-04 9.977596220060073184e-01 9.984100220060073694e-01
1.564000000000000000e+03 9.979988790043259339e-01 4.041000000000000104e-04 9.975947790043259156e-01 9.984029790043259522e-01
1.596000000000000000e+03 9.978458199795920969e-01 4.933999999999999584e-04 9.973524199795921197e-01 9.983392199795920741e-01
1.628000000000000000e+03 9.976874434112760204e-01 5.069999999999999637e-04 9.971804434112759852e-01 9.981944434112760556e-01
1.660000000000000000e+03 9.976690475848292161e-01 4.996000000000000007e-04 9.971694475848291717e-01 9.981686475848292606e-01
1.692000000000000000e+03 9.974380937324844876e-01 5.113999999999999622e-04 9.969266937324844369e-01 9.979494937324845383e-01
1.724000000000000000e+03 9.973886549489084929e-01 4.947999999999999924e-04 9.968938549489084755e-01 9.978834549489085104e-01
1.756000000000000000e+03 9.970315172245296509e-01 6.225999999999999547e-04 9.964089172245296222e-01 9.976541172245296796e-01
1.788000000000000000e+03 9.967621908279559184e-01 6.792999999999999776e-04 9.960828908279558691e-01 9.974414908279559677e-01
1.820000000000000000e+03 9.968168034377200559e-01 6.162999999999999642e-04 9.962005034377200419e-01 9.974331034377200700e-01
1.852000000000000000e+03 9.963564766243658832e-01 6.870999999999999504e-04 9.956693766243658317e-01 9.970435766243659348e-01
1.884000000000000000e+03 9.959533493338699195e-01 7.008999999999999606e-04 9.952524493338699152e-01 9.966542493338699238e-01
1.916000000000000000e+03 9.954593926502924850e-01 7.234999999999999678e-04 9.947358926502924970e-01 9.961828926502924730e-01
1.948000000000000000e+03 9.951532746008249219e-01 8.180000000000000422e-04 9.943352746008249365e-01 9.959712746008249074e-01
1.980000000000000000e+03 9.943626852157916307e-01 9.443000000000000222e-04 9.934183852157916217e-01 9.953069852157916397e-01
2.012000000000000000e+03 9.938533507710438641e-01 9.650000000000000374e-04 9.928883507710438705e-01 9.948183507710438578e-01
2.044000000000000000e+03 9.932452824765380939e-01 1.121999999999999950e-03 9.921232824765381375e-01 9.943672824765380502e-01
2.076000000000000000e+03 9.925252583320158806e-01 1.149000000000000065e-03 9.913762583320159250e-01 9.936742583320158362e-01
2.108000000000000000e+03 9.912188672194995886e-01 1.188999999999999953e-03 9.900298672194995930e-01 9.924078672194995843e-01
2.140000000000000000e+03 9.900260128483350242e-01 1.386999999999999995e-03 9.886390128483349971e-01 9.914130128483350513e-01
2.172000000000000000e+03 9.886017734726434414e-01 1.451000000000000033e-03 9.871507734726434613e-01 9.900527734726434215e-01
2.204000000000000000e+03 9.869892643106594754e-01 1.448000000000000068e-03 9.855412643106594706e-01 9.884372643106594802e-01
2.236000000000000000e+03 9.852359121024417687e-01 1.711000000000000064e-03 9.835249121024417507e-01 9.869469121024417868e-01
2.268000000000000000e+03 9.832813555424613217e-01 1.508000000000000009e-03 9.817733555424613678e-01 9.847893555424612755e-01
2.300000000000000000e+03 9.809488222359552534e-01 1.985999999999999918e-03 9.789628222359552101e-01 9.829348222359552967e-01
2.332000000000000000e+03 9.784093358819218045e-01 1.616999999999999948e-03 9.767923358819218249e-01 9.800263358819217840e-01
2.364000000000000000e+03 9.757232577858898637e-01 2.144000000000000072e-03 9.735792577858898289e-01 9.778672577858898984e-01
2.396000000000000000e+03 9.723674566332762836e-01 2.314000000000000085e-03 9.700534566332762454e-01 9.746814566332763219e-01
2.428000000000000000e+03 9.684583435133153895e-01 2.193000000000000071e-03 9.662653435133153890e-01 9.706513435133153900e-01
2.460000000000000000e+03 9.640649027751828637e-01 2.419999999999999842e-03 9.616449027751828860e-01 9.664849027751828414e-01
2.492000000000000000e+03 9.597490694298731473e-01 2.759000000000000168e-03 9.569900694298731914e-01 9.625080694298731032e-01
2.524000000000000000e+03 9.544559578045730408e-01 2.650000000000000012e-03 9.518059578045729996e-01 9.571059578045730820e-01
2.000000000000000000e+03 9.936301576579813499e-01 9.863999999999999071e-04 9.926437576579812960e-01 9.946165576579814038e-01
2.032000000000000000e+03 9.928865638608240785e-01 9.504000000000000078e-04 9.919361638608240606e-01 9.938369638608240964e-01
2.064000000000000000e+03 9.922234518043718809e-01 1.049999999999999935e-03 9.911734518043718856e-01 9.932734518043718763e-01
2.096000000000000000e+03 9.913496500481453477e-01 1.167999999999999984e-03 9.901816500481454009e-01 9.925176500481452946e-01
2.128000000000000000e+03 9.899642143688650586e-01 1.209999999999999921e-03 9.887542143688650143e-01 9.911742143688651030e-01
2.160000000000000000e+03 9.890372371768154647e-01 1.273999999999999959e-03 9.877632371768154673e-01 9.903112371768154620e-01
2.192000000000000000e+03 9.878486943274744636e-01 1.433999999999999945e-03 9.864146943274744173e-01 9.892826943274745100e-01
2.224000000000000000e+03 9.858438366795533314e-01 1.536000000000000039e-03 9.843078366795533496e-01 9.873798366795533132e-01
2.256000000000000000e+03 9.844555266523907777e-01 1.737999999999999962e-03 9.827175266523907604e-01 9.861935266523907950e-01
2.288000000000000000e+03 9.818513674710049877e-01 1.726000000000000104e-03 9.801253674710049824e-01 9.835773674710049930e-01
2.320000000000000000e+03 9.793664937267357873e-01 1.874999999999999931e-03 9.774914937267358273e-01 9.812414937267357473e-01
2.352000000000000000e+03 9.772768428162860177e-01 1.861000000000000024e-03 9.754158428162860162e-01 9.791378428162860192e-01
2.384000000000000000e+03 9.735660597002054883e-01 2.160000000000000028e-03 9.714060597002054376e-01 9.757260597002055391e-01
2.416000000000000000e+03 9.704229602908840402e-01 2.259999999999999856e-03 9.681629602908840004e-01 9.726829602908840799e-01
2.448000000000000000e+03 9.671332691395639891e-01 2.468999999999999841e-03 9.646642691395639346e-01 9.696022691395640436e-01
2.480000000000000000e+03 9.626794670959025746e-01 2.345999999999999995e-03 9.603334670959026154e-01 9.650254670959025338e-01
2.512000000000000000e+03 9.567195067619034266e-01 3.037999999999999902e-03 9.536815067619034414e-01 9.597575067619034117e-01
2.544000000000000000e+03 9.517900001437173962e-01 2.458000000000000115e-03 9.493320001437174360e-01 9.542480001437173565e-01
2.576000000000000000e+03 9.446055676118481070e-01 3.217999999999999940e-03 9.413875676118480529e-01 9.478235676118481612e-01
2.608000000000000000e+03 9.373420905132148206e-01 3.580999999999999982e-03 9.337610905132148753e-01 9.409230905132147660e-01
2.640000000000000000e+03 9.300168149351115687e-01 3.631999999999999812e-03 9.263848149351116001e-01 9.336488149351115373e-01
2.672000000000000000e+03 9.207240482315575125e-01 3.495999999999999976e-03 9.172280482315574579e-01 9.242200482315575671e-01
2.704000000000000000e+03 9.092870180077894382e-01 4.202000000000000006e-03 9.050850180077893992e-01 9.134890180077894772e-01
2.736000000000000000e+03 8.978011238700219776e-01 3.720000000000000216e-03 8.940811238700220320e-01 9.015211238700219232e-01
2.768000000000000000e+03 8.833029131515787169e-01 4.393000000000000203e-03 8.789099131515787366e-01 8.876959131515786972e-01
2.800000000000000000e+03 8.672611776203273948e-01 5.181999999999999974e-03 8.620791776203273749e-01 8.724431776203274147e-01
2.832000000000000000e+03 8.496586711889739796e-01 5.772000000000000221e-03 8.438866711889739802e-01 8.554306711889739789e-01
2.864000000000000000e+03 8.285020336011267306e-01 5.270000000000000379e-03 8.232320336011267337e-01 8.337720336011267275e-01
2.896000000000000000e+03 8.076141475402768277e-01 5.337999999999999863e-03 8.022761475402768738e-01 8.129521475402767816e-01
2.928000000000000000e+03 7.826030094422328220e-01 5.786999999999999610e-03 7.768160094422328354e-01 7.883900094422328086e-01
2.960000000000000000e+03 7.517138299248358191e-01 7.004999999999999942e-03 7.447088299248357801e-01 7.587188299248358581e-01
2.992000000000000000e+03 7.148934335522628691e-01 6.867999999999999973e-03 7.080254335522628839e-01 7.217614335522628544e-01
3.024000000000000000e+03 6.686566735171958209e-01 8.854000000000000759e-03 6.598026735171957924e-01 6.775106735171958494e-01
2.800000000000000000e+03 8.609261148876848901e-01 4.869000000000000064e-03 8.560571148876848779e-01 8.657951148876849023e-01
2.832000000000000000e+03 8.432675586726261496e-01 4.764000000000000005e-03 8.385035586726261592e-01 8.480315586726261401e-01
2.864000000000000000e+03 8.246001063508716644e-01 4.928000000000000089e-03 8.196721063508716210e-01 8.295281063508717079e-01
2.896000000000000000e+03 8.028786594041477098e-01 5.870000000000000218e-03 7.970086594041476680e-01 8.087486594041477517e-01
2.928000000000000000e+03 7.769060519394662689e-01 6.205999999999999711e-03 7.707000519394662241e-01 7.831120519394663138e-01
2.960000000000000000e+03 7.462741265575372207e-01 6.198000000000000384e-03 7.400761265575371839e-01 7.524721265575372575e-01
2.992000000000000000e+03 7.083399203805635924e-01 6.878000000000000433e-03 7.014619203805635417e-01 7.152179203805636432e-01
3.024000000000000000e+03 6.622555007832597873e-01 6.853999999999999850e-03 6.554015007832597606e-01 6.691095007832598140e-01
3.056000000000000000e+03 6.082953679883875697e-01 8.543000000000000246e-03 5.997523679883876024e-01 6.168383679883875370e-01
3.088000000000000000e+03 5.492936290079188932e-01 8.441000000000000586e-03 5.408526290079188614e-01 5.577346290079189250e-01
3.120000000000000000e+03 4.852071686236185677e-01 8.708000000000000462e-03 4.764991686236185742e-01 4.939151686236185612e-01
3.152000000000000000e+03 4.214943734640204109e-01 9.915000000000000202e-03 4.115793734640204038e-01 4.314093734640204181e-01
3.184000000000000000e+03 3.197855736479786604e-01 1.010999999999999920e-02 3.096755736479786525e-01 3.298955736479786682e-01
3.216000000000000000e+03 1.796467426452623695e-01 1.220000000000000077e-02 1.674467426452623808e-01 1.918467426452623581e-01
3.248000000000000000e+03 6.508960779523154105e-02 1.072999999999999995e-02 5.435960779523153763e-02 7.581960779523154448e-02
3.280000000000000000e+03 1.345194808927729913e-02 1.268000000000000030e-02 7.719480892772988267e-04 2.613194808927729942e-02
3.312000000000000000e+03 5.964271855822711466e-03 1.107999999999999957e-02 -5.115728144177288106e-03 1.704427185582271104e-02
3.344000000000000000e+03 2.486310918210499210e-03 1.123999999999999999e-02 -8.753689081789500781e-03 1.372631091821049920e-02
3.376000000000000000e+03 1.077880455871649268e-03 1.294999999999999971e-02 -1.187211954412835044e-02 1.402788045587164897e-02
3.408000000000000000e+03 1.192854371164564498e-03 1.141000000000000000e-02 -1.021714562883543551e-02 1.260285437116456450e-02
3.440000000000000000e+03 5.662465328178711843e-03 1.912000000000000158e-02 -1.345753467182128973e-02 2.478246532817871342e-02
3.472000000000000000e+03 0.000000000000000000e+00 1.086999999999999945e-02 -1.086999999999999945e-02 1.086999999999999945e-02
3.504000000000000000e+03 5.906784898176309362e-03 2.425000000000000072e-02 -1.834321510182369136e-02 3.015678489817631008e-02
3.536000000000000000e+03 1.624006553513246409e-03 1.154999999999999950e-02 -9.925993446486753094e-03 1.317400655351324591e-02
3.568000000000000000e+03 2.802489185266154870e-03 1.169000000000000074e-02 -8.887510814733845868e-03 1.449248918526615561e-02
3.600000000000000000e+03 2.543797875857012336e-03 1.281000000000000021e-02 -1.026620212414298787e-02 1.535379787585701254e-02
3.632000000000000000e+03 2.917463100559181122e-03 1.303999999999999951e-02 -1.012253689944081839e-02 1.595746310055918063e-02
3.664000000000000000e+03 5.461260976415971413e-03 2.927000000000000088e-02 -2.380873902358402946e-02 3.473126097641597576e-02
3.696000000000000000e+03 4.915134878774485294e-03 1.086999999999999945e-02 -5.954865121225514160e-03 1.578513487877448301e-02
3.728000000000000000e+03 4.742674005835056938e-03 1.132000000000000020e-02 -6.577325994164943262e-03 1.606267400583505714e-02
3.760000000000000000e+03 5.044480533478945539e-03 1.400000000000000029e-02 -8.955519466521054753e-03 1.904448053347894410e-02
3.792000000000000000e+03 1.119558500165285242e-02 2.662000000000000130e-02 -1.542441499834714888e-02 3.781558500165285719e-02
3.824000000000000000e+03 9.284143659907151402e-03 1.490999999999999964e-02 -5.625856340092848240e-03 2.419414365990715104e-02
3.856000000000000000e+03 1.027579367930897547e-02 1.216000000000000067e-02 -1.884206320691025199e-03 2.243579367930897614e-02
3.888000000000000000e+03 7.329587099926704319e-03 1.401999999999999948e-02 -6.690412900073295158e-03 2.134958709992670206e-02
3.920000000000000000e+03 8.349980598151951483e-03 1.921000000000000138e-02 -1.086001940184804990e-02 2.755998059815195286e-02
3.952000000000000000e+03 9.470976272258235795e-03 1.128000000000000010e-02 -1.809023727741764301e-03 2.075097627225823416e-02
3.984000000000000000e+03 7.070895790517561785e-03 1.289000000000000042e-02 -5.819104209482438630e-03 1.996089579051756047e-02
4.016000000000000000e+03 8.335608858740184424e-03 1.946000000000000160e-02 -1.112439114125981718e-02 2.779560885874018603e-02
4.048000000000000000e+03 9.341630617553775551e-03 1.179000000000000013e-02 -2.448369382446224582e-03 2.113163061755377742e-02
4.080000000000000000e+03 5.432517497592770361e-03 1.284000000000000072e-02 -7.407482502407230357e-03 1.827251749759277108e-02
4.095000000000000000e+03 5.247122059182873777e-03 9.874000000000000832e-03 -4.626877940817127055e-03 1.512112205918287461e-02
